Date,Open,High,Low,Close,Volume,OpenInterest
2006-01-02,1789.36,1802.98,1789.36,1802.16,1647940,0.00
2006-01-03,1802.04,1819.21,1800.92,1807.17,5544260,0.00
2006-01-04,1807.62,1826.23,1807.62,1826.23,5175580,0.00
2006-01-05,1826.10,1830.82,1821.58,1825.12,4322520,0.00
2006-01-06,1825.27,1833.50,1823.83,1833.50,4161120,0.00
2006-01-09,1833.55,1843.00,1833.55,1835.89,4362070,0.00
2006-01-10,1835.62,1835.62,1819.38,1822.47,4847190,0.00
2006-01-11,1822.86,1837.16,1822.86,1834.30,4497830,0.00
2006-01-12,1833.58,1838.00,1828.50,1835.10,4443160,0.00
2006-01-13,1835.14,1835.14,1809.03,1814.62,5916910,0.00
2006-01-16,1814.36,1824.55,1810.52,1822.20,2732960,0.00
2006-01-17,1819.78,1819.78,1803.27,1805.04,5559590,0.00
2006-01-18,1804.67,1804.67,1775.08,1785.08,8661290,0.00
2006-01-19,1786.10,1798.67,1786.10,1796.61,6440530,0.00
2006-01-20,1796.58,1806.18,1775.40,1775.40,9629410,0.00
2006-01-23,1775.12,1775.12,1757.54,1772.16,6693690,0.00
2006-01-24,1772.39,1776.58,1763.18,1766.34,6094270,0.00
2006-01-25,1766.36,1789.00,1766.36,1789.00,7575360,0.00
2006-01-26,1789.46,1820.71,1788.99,1820.71,9829570,0.00
2006-01-27,1821.68,1842.74,1821.68,1842.74,7621160,0.00
2006-01-30,1842.19,1842.82,1832.22,1838.76,4240690,0.00
2006-01-31,1838.36,1853.82,1835.84,1845.70,7497400,0.00
2006-02-01,1843.08,1864.40,1837.44,1864.12,7338500,0.00
2006-02-02,1864.46,1872.57,1838.52,1838.52,8709560,0.00
2006-02-03,1838.52,1848.00,1826.38,1839.24,7116080,0.00
2006-02-06,1839.44,1852.08,1836.26,1841.16,4075750,0.00
2006-02-07,1841.48,1849.32,1828.10,1840.40,6811510,0.00
2006-02-08,1840.02,1840.02,1818.96,1835.68,6381800,0.00
2006-02-09,1836.17,1863.40,1836.17,1863.40,5657280,0.00
2006-02-10,1862.59,1867.57,1846.32,1847.82,5381790,0.00
2006-02-13,1848.04,1863.73,1842.42,1863.73,5746500,0.00
2006-02-14,1864.08,1872.33,1853.62,1867.24,6725890,0.00
2006-02-15,1866.98,1874.68,1860.20,1864.90,6511960,0.00
2006-02-16,1865.41,1878.24,1865.41,1878.24,5020430,0.00
2006-02-17,1878.67,1888.58,1874.97,1883.85,5323540,0.00
2006-02-20,1883.56,1884.58,1874.94,1883.37,1796850,0.00
2006-02-21,1883.60,1900.39,1883.60,1889.76,5521880,0.00
2006-02-22,1889.01,1909.24,1885.53,1909.24,5408570,0.00
2006-02-23,1909.78,1915.58,1898.10,1906.64,5733380,0.00
2006-02-24,1906.38,1913.00,1902.78,1913.00,4201590,0.00
2006-02-27,1914.50,1920.28,1909.82,1920.28,3411730,0.00
2006-02-28,1920.16,1920.16,1884.62,1887.26,8061680,0.00
2006-03-01,1887.62,1903.17,1886.24,1903.02,5648400,0.00
2006-03-02,1903.65,1910.28,1872.73,1881.86,8229770,0.00
2006-03-03,1881.98,1887.02,1857.68,1866.98,7519910,0.00
2006-03-06,1868.79,1883.24,1868.79,1877.04,5072650,0.00
2006-03-07,1875.65,1875.65,1859.96,1872.60,6692670,0.00
2006-03-08,1872.55,1878.58,1851.02,1863.98,8018450,0.00
2006-03-09,1868.30,1882.78,1868.30,1878.80,6622350,0.00
2006-03-10,1877.06,1899.23,1870.76,1899.23,8853560,0.00
2006-03-13,1900.52,1913.72,1900.52,1912.48,6994370,0.00
2006-03-14,1911.59,1916.74,1904.48,1916.74,10508660,0.00
2006-03-15,1917.06,1926.66,1917.06,1921.08,11538780,0.00
2006-03-16,1922.08,1923.94,1911.28,1919.86,9631980,0.00
2006-03-17,1920.10,1937.32,1910.25,1916.22,8344570,0.00
2006-03-20,1916.62,1931.98,1916.56,1921.02,3922110,0.00
2006-03-21,1921.24,1924.08,1905.51,1924.08,6556770,0.00
2006-03-22,1920.14,1936.31,1913.70,1934.24,5805110,0.00
2006-03-23,1934.61,1939.24,1925.23,1930.06,5087210,0.00
2006-03-24,1929.79,1937.50,1926.72,1935.44,4443610,0.00
2006-03-27,1936.14,1936.14,1913.24,1914.26,5060350,0.00
2006-03-28,1914.91,1923.26,1899.52,1905.72,6404340,0.00
2006-03-29,1905.92,1915.35,1899.56,1913.15,5903380,0.00
2006-03-30,1917.60,1940.84,1917.60,1937.30,6316680,0.00
2006-03-31,1936.18,1936.18,1920.32,1926.87,5652160,0.00
2006-04-03,1930.00,1940.56,1928.62,1939.32,4274110,0.00
2006-04-04,1937.54,1937.54,1921.59,1925.06,4960390,0.00
2006-04-05,1926.64,1932.91,1917.68,1931.96,5747080,0.00
2006-04-06,1933.00,1939.85,1924.36,1930.64,6133720,0.00
2006-04-07,1930.02,1937.30,1911.13,1911.56,7052070,0.00
2006-04-10,1911.18,1921.76,1906.90,1921.76,4919240,0.00
2006-04-11,1920.44,1921.81,1891.00,1894.40,7890730,0.00
2006-04-12,1893.46,1895.58,1876.74,1888.47,8234850,0.00
2006-04-13,1888.62,1893.76,1877.84,1889.97,4969440,0.00
2006-04-18,1889.62,1889.62,1874.86,1885.40,6451870,0.00
2006-04-19,1889.23,1912.59,1889.23,1910.48,7220510,0.00
2006-04-20,1910.46,1939.14,1910.46,1930.00,8540850,0.00
2006-04-21,1931.78,1946.18,1931.78,1944.23,6732460,0.00
2006-04-24,1942.28,1942.28,1929.34,1931.14,4340050,0.00
2006-04-25,1932.32,1944.32,1930.30,1935.54,6044890,0.00
2006-04-26,1936.84,1946.08,1936.53,1943.50,4953020,0.00
2006-04-27,1944.72,1944.72,1916.05,1932.71,11452280,0.00
2006-04-28,1932.96,1932.96,1916.87,1919.95,6560510,0.00
2006-05-02,1919.62,1932.10,1915.48,1931.12,4944180,0.00
2006-05-03,1932.64,1939.66,1908.80,1910.98,7368700,0.00
2006-05-04,1911.28,1921.83,1903.18,1921.54,7442980,0.00
2006-05-05,1922.66,1937.16,1918.32,1937.16,6599110,0.00
2006-05-08,1938.87,1948.70,1936.34,1938.76,4693400,0.00
2006-05-09,1939.80,1945.47,1933.18,1945.47,4555380,0.00
2006-05-10,1941.69,1944.89,1931.78,1931.78,4926000,0.00
2006-05-11,1932.01,1947.30,1918.34,1918.93,8271950,0.00
2006-05-12,1914.91,1914.91,1875.22,1875.22,13424760,0.00
2006-05-15,1873.20,1873.20,1840.48,1855.58,14605180,0.00
2006-05-16,1855.73,1875.06,1846.18,1865.18,11174780,0.00
2006-05-17,1867.16,1875.21,1802.60,1802.68,17887180,0.00
2006-05-18,1803.70,1824.77,1779.14,1803.16,21682280,0.00
2006-05-19,1804.13,1819.19,1800.84,1812.66,12128720,0.00
2006-05-22,1811.18,1811.18,1763.52,1769.88,16416270,0.00
2006-05-23,1770.78,1818.70,1770.78,1810.14,13816850,0.00
2006-05-24,1808.56,1808.56,1771.46,1787.43,15294210,0.00
2006-05-25,1789.68,1817.50,1777.59,1817.50,11291100,0.00
2006-05-26,1823.58,1849.90,1823.21,1849.90,10271270,0.00
2006-05-29,1848.24,1848.24,1838.51,1839.78,2158090,0.00
2006-05-30,1838.84,1841.65,1790.82,1795.46,12602200,0.00
2006-05-31,1790.90,1820.92,1771.20,1818.58,13969180,0.00
2006-06-01,1817.41,1826.42,1797.64,1824.16,9903870,0.00
2006-06-02,1828.22,1844.44,1811.48,1818.44,10679550,0.00
2006-06-05,1818.42,1819.30,1796.36,1802.16,6816870,0.00
2006-06-06,1799.29,1799.29,1759.93,1764.55,13110070,0.00
2006-06-07,1768.20,1787.84,1756.12,1781.18,12076920,0.00
2006-06-08,1778.44,1778.44,1731.18,1731.18,18618490,0.00
2006-06-09,1735.14,1765.85,1735.14,1760.50,10558920,0.00
2006-06-12,1759.72,1764.14,1738.53,1740.38,12629950,0.00
2006-06-13,1738.16,1738.16,1696.38,1704.01,24814350,0.00
2006-06-14,1705.40,1716.86,1689.83,1707.10,22901700,0.00
2006-06-15,1711.62,1748.32,1711.62,1746.62,15990240,0.00
2006-06-16,1754.20,1772.14,1729.78,1731.78,15146360,0.00
2006-06-19,1734.94,1760.26,1734.94,1745.12,8572670,0.00
2006-06-20,1737.30,1757.42,1726.57,1757.42,8479710,0.00
2006-06-21,1759.93,1763.43,1738.11,1763.42,9412950,0.00
2006-06-22,1771.32,1785.62,1761.86,1772.42,8935270,0.00
2006-06-23,1772.80,1782.03,1765.00,1775.08,6445640,0.00
2006-06-26,1777.04,1783.28,1764.30,1767.42,5308620,0.00
2006-06-27,1770.24,1777.97,1750.36,1753.46,7549380,0.00
2006-06-28,1751.65,1763.04,1742.36,1753.04,7390950,0.00
2006-06-29,1759.77,1791.95,1759.77,1791.30,8587990,0.00
2006-06-30,1796.00,1827.51,1796.00,1824.46,9143210,0.00
2006-07-03,1824.46,1831.46,1819.54,1831.46,3385250,0.00
2006-07-04,1832.30,1835.38,1823.02,1835.38,2190590,0.00
2006-07-05,1828.36,1828.36,1803.90,1809.32,6679190,0.00
2006-07-06,1812.01,1832.77,1812.01,1831.20,6697660,0.00
2006-07-07,1828.50,1835.22,1813.51,1825.66,7305380,0.00
2006-07-10,1822.71,1835.54,1810.67,1833.26,5536610,0.00
2006-07-11,1828.28,1828.32,1804.52,1808.89,7380940,0.00
2006-07-12,1816.01,1831.42,1811.13,1815.25,7287070,0.00
2006-07-13,1808.78,1808.78,1776.26,1781.28,11378760,0.00
2006-07-14,1772.96,1776.02,1754.12,1754.12,9407040,0.00
2006-07-17,1756.11,1759.17,1731.38,1749.31,11832320,0.00
2006-07-18,1745.90,1758.16,1737.99,1746.06,9710380,0.00
2006-07-19,1748.74,1792.82,1748.74,1792.82,12477430,0.00
2006-07-20,1796.94,1806.24,1790.43,1794.82,9133240,0.00
2006-07-21,1790.26,1795.34,1773.12,1778.54,9777460,0.00
2006-07-24,1779.67,1816.75,1779.67,1816.46,7819840,0.00
2006-07-25,1819.82,1825.87,1810.86,1815.75,7586000,0.00
2006-07-26,1817.58,1823.51,1812.54,1820.38,5385830,0.00
2006-07-27,1824.64,1840.78,1824.64,1840.78,7980360,0.00
2006-07-28,1835.86,1855.70,1829.84,1855.30,7918960,0.00
2006-07-31,1854.41,1855.76,1844.11,1845.94,5258980,0.00
2006-08-01,1843.91,1848.26,1816.26,1820.30,7628400,0.00
2006-08-02,1827.96,1848.38,1827.96,1848.18,6318790,0.00
2006-08-03,1847.93,1851.69,1823.98,1833.96,8381380,0.00
2006-08-04,1838.72,1864.64,1838.72,1859.04,7965680,0.00
2006-08-07,1853.74,1853.74,1827.04,1829.52,6537520,0.00
2006-08-08,1836.11,1842.39,1827.26,1834.05,6254190,0.00
2006-08-09,1837.02,1856.11,1825.64,1853.60,8625940,0.00
2006-08-10,1843.32,1843.32,1819.28,1837.72,9656250,0.00
2006-08-11,1841.43,1849.12,1829.55,1837.55,5245720,0.00
2006-08-14,1845.04,1860.20,1845.04,1859.56,4572610,0.00
2006-08-15,1856.24,1886.94,1853.44,1883.19,8092510,0.00
2006-08-16,1883.93,1899.32,1882.72,1895.47,7464200,0.00
2006-08-17,1896.00,1900.50,1889.66,1900.05,5896340,0.00
2006-08-18,1899.16,1903.74,1891.00,1895.70,6595850,0.00
2006-08-21,1895.00,1895.29,1882.69,1888.62,4434450,0.00
2006-08-22,1894.28,1898.76,1877.19,1896.28,6867230,0.00
2006-08-23,1896.74,1896.74,1876.52,1879.49,5474300,0.00
2006-08-24,1880.93,1898.42,1871.63,1890.94,6974010,0.00
2006-08-25,1892.00,1898.96,1883.10,1890.58,3920380,0.00
2006-08-28,1889.40,1905.92,1879.44,1904.28,4029730,0.00
2006-08-29,1905.09,1914.70,1900.02,1903.40,6225920,0.00
2006-08-30,1907.94,1914.70,1904.51,1908.93,5574080,0.00
2006-08-31,1911.85,1914.03,1901.20,1904.35,5779830,0.00
2006-09-01,1904.50,1918.11,1904.50,1910.44,5505190,0.00
2006-09-04,1912.01,1919.65,1912.01,1918.80,1920590,0.00
2006-09-05,1917.91,1917.91,1900.57,1908.88,7260650,0.00
2006-09-06,1909.06,1909.18,1882.86,1886.10,8293940,0.00
2006-09-07,1883.40,1883.40,1864.88,1869.85,8804850,0.00
2006-09-08,1873.00,1881.04,1868.16,1875.04,6061240,0.00
2006-09-11,1872.89,1872.89,1854.90,1871.03,10248540,0.00
2006-09-12,1872.46,1896.36,1864.68,1894.48,16157620,0.00
2006-09-13,1899.93,1905.04,1893.56,1902.78,13732030,0.00
2006-09-14,1904.54,1912.38,1893.35,1898.32,10493530,0.00
2006-09-15,1900.50,1912.58,1894.59,1906.06,10621490,0.00
2006-09-18,1906.86,1911.96,1895.42,1904.24,5562280,0.00
2006-09-19,1903.84,1905.62,1885.18,1890.09,9970350,0.00
2006-09-20,1891.08,1921.63,1887.74,1920.66,8508170,0.00
2006-09-21,1920.10,1933.87,1915.62,1928.57,8357540,0.00
2006-09-22,1919.76,1919.82,1900.32,1906.36,7264560,0.00
2006-09-25,1907.56,1921.34,1901.24,1911.06,7196810,0.00
2006-09-26,1919.00,1938.90,1919.00,1936.46,7795190,0.00
2006-09-27,1938.78,1949.52,1935.56,1948.09,8797520,0.00
2006-09-28,1946.93,1953.70,1942.66,1947.49,5846480,0.00
2006-09-29,1949.04,1960.58,1947.44,1949.70,6515600,0.00
2006-10-02,1951.02,1958.70,1937.88,1946.24,5180410,0.00
2006-10-03,1943.04,1943.04,1929.44,1940.07,7623430,0.00
2006-10-04,1942.20,1957.36,1941.69,1957.36,8005050,0.00
2006-10-05,1960.58,1974.74,1960.58,1969.93,7237300,0.00
2006-10-06,1969.64,1975.03,1959.94,1970.16,6595520,0.00
2006-10-09,1966.16,1971.08,1960.90,1969.74,3548470,0.00
2006-10-10,1973.28,1981.60,1971.68,1980.34,6492930,0.00
2006-10-11,1978.08,1984.86,1969.89,1983.70,6987690,0.00
2006-10-12,1983.20,2000.24,1982.22,1999.96,7046300,0.00
2006-10-13,2001.14,2004.34,1993.20,1999.54,6272410,0.00
2006-10-16,2000.15,2003.69,1993.76,2000.98,5346060,0.00
2006-10-17,1996.52,1996.66,1973.70,1974.78,9152110,0.00
2006-10-18,1979.14,2003.58,1979.14,1995.69,9612020,0.00
2006-10-19,1993.15,2000.38,1983.99,1993.41,7714900,0.00
2006-10-20,1995.93,2008.32,1990.59,1999.10,8282990,0.00
2006-10-23,2000.82,2012.38,1991.01,2009.51,7096590,0.00
2006-10-24,2009.10,2011.44,2001.98,2007.00,5756760,0.00
2006-10-25,2005.59,2012.78,2002.43,2009.57,5449410,0.00
2006-10-26,2013.24,2023.77,2009.99,2013.64,6384950,0.00
2006-10-27,2014.54,2019.88,1999.22,2008.64,7902020,0.00
2006-10-30,2003.63,2003.63,1989.90,2002.46,7486190,0.00
2006-10-31,2001.96,2009.92,1995.00,2002.40,7836840,0.00
2006-11-01,2001.90,2014.78,1999.89,2007.17,8197350,0.00
2006-11-02,2001.98,2005.36,1980.82,1987.31,10470940,0.00
2006-11-03,1989.86,2005.22,1985.92,1995.23,8930430,0.00
2006-11-06,1995.74,2022.61,1995.74,2022.61,7171820,0.00
2006-11-07,2023.82,2038.00,2022.76,2036.43,6812460,0.00
2006-11-08,2032.46,2039.50,2023.60,2036.90,8151480,0.00
2006-11-09,2035.58,2040.85,2029.60,2036.50,6411850,0.00
2006-11-10,2033.55,2036.21,2024.48,2031.92,5901190,0.00
2006-11-13,2031.50,2047.78,2029.76,2043.07,6662030,0.00
2006-11-14,2043.56,2048.52,2034.26,2042.16,8366870,0.00
2006-11-15,2044.70,2055.26,2044.70,2054.42,6971210,0.00
2006-11-16,2053.86,2058.40,2048.34,2054.86,6416660,0.00
2006-11-17,2053.39,2053.62,2033.02,2039.18,9257990,0.00
2006-11-20,2037.30,2050.52,2024.72,2048.37,8018770,0.00
2006-11-21,2047.64,2056.14,2045.46,2048.03,7562170,0.00
2006-11-22,2052.96,2059.20,2042.36,2047.48,7590390,0.00
2006-11-23,2049.98,2052.59,2035.16,2042.88,3850920,0.00
2006-11-24,2038.07,2039.22,2014.15,2024.08,10156310,0.00
2006-11-27,2022.52,2026.84,1989.12,1989.12,11929550,0.00
2006-11-28,1988.08,1995.38,1975.97,1987.56,15147660,0.00
2006-11-29,1991.76,2011.94,1991.76,2011.54,9297930,0.00
2006-11-30,2013.73,2018.36,1991.52,1993.62,12093620,0.00
2006-12-01,1996.52,2005.98,1957.23,1966.04,12688540,0.00
2006-12-04,1967.90,1982.58,1963.70,1981.46,8253050,0.00
2006-12-05,1983.30,2007.28,1980.53,2003.97,11260880,0.00
2006-12-06,2003.88,2007.90,1993.58,2001.16,7183380,0.00
2006-12-07,1998.54,2019.62,1995.92,2009.34,8856680,0.00
2006-12-08,2005.82,2014.07,1990.33,2009.94,10908330,0.00
2006-12-11,2012.07,2027.87,2012.07,2026.44,9942010,0.00
2006-12-12,2026.28,2031.10,2022.01,2029.87,13477330,0.00
2006-12-13,2031.57,2048.14,2027.32,2047.16,14595720,0.00
2006-12-14,2050.24,2061.45,2049.99,2059.42,11208630,0.00
2006-12-15,2059.54,2073.69,2059.54,2070.33,10812970,0.00
2006-12-18,2070.50,2070.73,2064.82,2065.03,3794550,0.00
2006-12-19,2060.50,2060.50,2042.59,2050.24,7569380,0.00
2006-12-20,2054.15,2065.40,2054.15,2059.27,3749340,0.00
2006-12-21,2055.93,2062.64,2052.23,2056.05,3746080,0.00
2006-12-22,2054.93,2054.93,2036.31,2036.75,3783530,0.00
2006-12-27,2039.85,2067.43,2039.85,2067.43,3110030,0.00
2006-12-28,2068.72,2071.03,2062.57,2065.33,2822950,0.00
2006-12-29,2065.06,2071.00,2059.97,2059.97,2058160,0.00
